111.24295576367565 96.38865821877901
157.15170391601833 217.57995047783507
357.0821222252476 84.36921149613724
380.60931294646923 247.71965375746407
271.6101975357272 208.73193138669043
86.44921338244544 470.7521404248012
272.33252264892934 487.44280905267766
341.27707375048897 421.3587761997773
254.99357844968668 164.42834713184777
116.01114753090246 277.3812323220733
203.47831559217295 222.63607117746136
406.2262123743436 314.13949194939386
326.2230988041675 296.79578287597553
310.24344415742644 341.1058976734801
365.0130378869119 236.43588348004317
439.9743853031938 218.90579260712516
220.43049616059918 140.04394113326967
134.34904659164755 407.3831578839221
238.96553290619877 293.35975562368463
39.71709466122408 320.52092739879373
174.9596555834931 360.74002016954034
255.00657462261734 386.3626043696787
424.94917356534813 80.1865541004057
21.59126472483691 64.68600577739653
287.9574304574741 22.078146039256342
327.4318052501905 123.21064551164385
61.99141029281285 211.8971311043545
46.36818967165818 187.90747402764396
472.06612666368846 205.32707104357084
287.85399962398697 318.82782143843474
216.31171025167762 78.87691188743912
304.2852007826155 72.18928610669283
398.85593625875805 214.6653888017388
235.44139459257391 49.189171870782644
153.48958352036084 133.87340861349873
112.12566670115842 457.3685027593263
246.86730210684888 207.961225128202
200.0372518551814 421.42976580178555
24.10712007547522 269.878356299773
209.9897195069203 193.18354210488147
401.9303242779042 119.8037757769041
113.44475653364461 352.270200096151
315.1823308219382 37.61049966009761
113.94084578517189 306.85822961381746
239.25548304390455 185.80018110518333
179.06793700844602 324.478855573328
179.0086556048555 106.04817447435533
100.22455191843216 388.6902926409
381.3208002460278 109.94295407896315
365.97408987577387 316.3323477141772
282.3179801166604 317.57829684112716
418.0540662418628 222.09332646153075
437.8571802942024 454.8275844194893
449.2262620598871 370.4836752960656
356.5569326742626 394.6632460493277
88.78525644295293 46.98207869878374
191.44709290943908 306.19345595429553
453.0965986701179 457.1605350002281
402.4021249256485 250.19109704293
62.56923047840712 116.53561568867471
448.3887522140138 2.75990671732268
380.47290264281094 435.05312658192634
218.59300674849595 348.3776512530851
181.933161431579 193.321846755826
151.64342461596164 360.88693198014755
256.27393998550906 476.7446417338757
385.32408389568957 454.37293084430763
21.073105484252785 79.99888930860965
339.13197025354197 449.5375184821174
32.752413336992305 415.85341044311485
352.1012860310669 399.0554998251247
68.91587103252134 9.284562416346287
254.51438956546747 268.555597881884
416.125702213378 496.9631465264172
125.00221965487168 381.65902634314835
102.73383325406216 456.8965067199684
1.5988781881964842 278.3613424065203
261.2495318799795 156.6396715371147
307.23961119065 450.9573848414092
121.34108868301546 314.8709634795883
15.75614865553826 89.85807828911591
317.8218494699909 324.0771518297851
369.6737129777776 175.7021393917596
344.98794403540273 175.67825624442136
246.6650821806033 313.06170820171224
151.23872063529504 300.8652600536649
251.53444004884108 218.61986397876714
495.7015864691463 319.59313132184315
131.4686277965409 361.11909490574374
428.5860274095108 299.4405775245885
174.58500370960783 224.9013820843923
215.1190225866803 103.61508885518688
274.04838233674866 335.03832766987
242.20021112231143 435.76648869382126
103.41605261588415 437.634167313201
52.48822416824444 258.79394958157457
455.1733162250409 50.91363272390276
130.22445023425627 477.1253612672185
419.4840667496478 389.40077788756685
369.5263954073067 198.36256003204923
330.92300305846965 60.2652985691145
388.794356055591 350.2775471047338
437.556690829534 28.386880745344346
297.9440824973 484.2501411837012
110.72710790439616 412.11736909028474
198.293331997164 353.3214324701349
428.9516961869112 177.3170801250527
327.56167537524504 115.92432112418687
3.769055366365792 108.66206481338398
293.07731915148776 154.40304836515122
253.4124196873939 292.01277859331276
401.5125177843905 286.671072562259
211.0355229640965 464.93729144544596
464.92332882347006 280.44272180584187
246.84680503075336 179.06009932328416
40.06651327135391 427.1421315507889
481.9387544375558 237.28793071210785
390.93815434787507 480.6013649293895
113.20646236002769 59.45113094935434
181.272481419123 106.64209650783214
356.5159829856423 158.1301611346861
353.3563989898439 112.26348023545663
418.97848675064864 287.59762212104135
303.46809657984215 499.75809078027333
94.32263388396206 221.2453783109082
490.042970969134 229.53394705105933
432.994462656615 37.43149275915086
265.04139253339173 400.9661238047014
388.47400681798354 149.72543448791654
67.12962750869261 282.25974545587036
37.19925958294845 36.16735748657529
45.6350551033573 137.50226569339375
23.502461163831423 226.82767506961255
206.6796199515139 199.63256738650492
402.3378162371962 27.954338724755722
405.7762758015958 375.51371143612613
482.6725368053192 136.11128073422836
86.31061902612025 404.28494384160547
99.4946981483904 289.84298649260006
455.1427796888127 291.0095320285888
56.166692890884775 315.35853405957033
173.1552023185417 494.31354144277645
344.1751504385447 285.987260943034
261.59657380289525 363.6915130603784
494.8350084794248 352.40922717983744
212.2543342139319 364.6765188046042
364.8853884101331 84.55235067770866
369.596646153143 60.72632611390988
354.9503321393498 482.6999952978087
367.5327976724839 97.83096951494524
80.99026650549467 188.63759123350056
266.51117396254506 174.93228228966134
76.98748703449793 289.15457761519724
114.56498988382185 63.35769999050156
59.37832430595768 342.6522599197009
141.27279051690778 412.28637416429973
80.8624004992528 317.2249519886599
251.73995926192944 102.33996224158115
186.03151746001745 332.34000705155137
324.6031837350425 136.65229765709435
388.4476831013141 14.669915899208297
316.10396737591753 71.2531630105917
309.3629102154185 46.46319175054231
329.52663900772717 249.24578119478292
473.52467785212366 435.3374334825795
475.26664885299994 180.2334762507229
321.39397649185275 483.54721675241615
302.1998618876961 192.60790933430977
309.8665373229631 85.68296463530211
5.296481624865679 295.36970517419326
385.6842826315457 234.23485500089518
187.55860054945256 292.93628943148843
229.71905784833098 378.47547975274057
213.58802200231864 77.60222284742274
454.47518564280665 482.20592934420205
289.9495744402458 294.1573889567541
357.9648405348465 27.815905462702407
131.3337883905269 294.67329942885806
109.7137159509482 166.15047070890964
486.7502197522155 203.22939329325192
401.2144531141785 290.3618100706479
172.0958414320893 39.05442841847789
30.356309808305724 183.7559607363456
420.65756184846396 327.510487870132
334.3478279157151 369.12456302261893
276.4508915983393 165.5246074878727
343.7597124743822 68.13944535320809
20.207929055580387 200.48873310449906
224.9755605107494 358.4859573114904
189.64000771008642 484.17661513322076
496.44488615205216 140.20113798682993
79.18458387149724 90.43285638524256
258.40431655179606 204.67999014295685
366.4842432008346 103.31985770036317
153.5635062595576 230.47484102906552
180.43201325797565 359.6451240009403
231.2755533982056 96.92456391300003
44.473984859465574 120.73626409835958
211.95199408727277 94.46749376596075
441.48311461580295 393.7992715726956
421.9973835811524 3.5986397876593412
30.889299446125396 55.948232711082404
309.84803220828394 386.5767675535337
321.6194980675691 78.99846022156748
97.38021113849932 361.10537275785003
318.1989503036447 112.9871381424567
166.71985823749043 249.18748770036015
40.43208271210852 212.53283319927334
64.06658771342788 283.3030793697257
496.03532258789573 366.17508711766385
414.324967505162 462.89406164111705
180.71367033211712 90.19065205828286
354.2810858844317 465.6061854241926
476.1070410117432 489.35888988868305
372.29221400720996 173.27739698959888
431.24547729888474 480.37251551073666
36.68472530523148 493.7595044315921
178.5997211026787 186.65335478031048
348.75639915132984 221.69070895734166
219.3432440431999 328.71865592478343
133.09854841899966 195.2244835492954
9.541037208374792 7.754199989901123
100.5004041765043 498.6627787193321
391.6280116260837 51.4623934316843
273.8808728769765 483.59730580498234
487.5865966810493 446.6717086261152
111.36606471219696 179.86874046495393
105.84539599081872 88.63029947066492
395.62802676303767 445.65087310511785
174.1342024709591 289.3819945578982
426.29174853894085 0.5604605220900227
83.44454454957246 240.1312397070171
236.85078270561954 485.26114284102374
128.15736891759133 476.47759658890254
343.1523266821088 284.9648907292884
86.04059965260814 270.27086019831756
10.212348052285547 247.74237548402638
238.07592675636369 230.30654693309177
390.3959998383293 69.4083176342224
184.8503120797832 218.2015161589289
15.74860081852647 6.293114967600044
87.27288825295837 486.32881799351975
211.42745567879257 159.46991052362392
146.4381708903741 251.6902893025975
98.70063383529076 478.8906788621789
70.70405519224693 215.24333226425296
243.75126593958908 4.242902034647167
222.06474707560358 203.17463977131612
393.9249869305883 295.66053671458627
125.81675415723947 13.95097123178035
286.5301918641799 466.9626220252671
473.3787818593416 54.32880280901253
70.82270530036145 134.91694825121874
364.56565060823334 175.79297945142991
353.52237978247587 338.6352802144139
248.03479625529985 469.6385982570126
454.39436613874415 492.9829209797311
119.67919819634155 284.1406424566998
469.7319378081795 60.32643058492898
345.34951901684957 27.76376220852389
46.29384571359013 468.1863128598102
491.51377992562163 13.544115035183879
36.703268999943525 132.71221974728343
411.21681337945637 271.03967731413184
165.76738667451602 64.80577505659107
90.85969356088086 239.76211215025072
289.5872499608189 343.90086718785165
285.16596478092424 219.08024974583478
422.7688372873183 457.25788414507707
116.49921601653269 85.80911007730069
291.3470198604188 413.52907549542647
59.22887579621078 385.62530795300427
37.52107158731805 131.31986449511047
154.9646691711623 313.95387641780985
268.2956216948783 148.7845079913772
414.16892714533566 460.2131896703727
158.7336110427753 416.4930070339142
100.0292597379105 36.287542869129105
276.07862706687655 483.52125648314916
347.77480238159274 386.44899072067903
242.80660729689973 197.6209224003369
158.76850334880464 34.20010590527811
272.0410546332342 11.368356242661914
232.87925407936982 15.52747807835625
67.32716420445122 95.51420957458645
113.29593551819123 28.90753610546565
98.66522504915632 353.14139413567244
472.71918690493726 235.41770319858762
327.39547900080765 130.40610457460556
296.03508248391125 127.26961917048096
132.4258452628918 340.44910682218546
282.76861863571713 266.88325434834553
331.2875900563585 198.38576139829183
350.471657136275 136.69214865283996
161.92110802013298 482.90750111031514
49.11726371984465 165.24933712410055
164.22066899709725 361.18178912340977
430.16245745554687 210.11414482521667
339.7084441916564 25.86353960586729
134.48861337314167 235.3817887813905
96.24009922550792 494.1224459263738
363.0968584319145 428.10349023102987
465.2587336703127 430.1452128468559
345.4782175419301 281.3168841282856
127.004977336879 118.13597715338759
272.8231086913136 22.988026036096564
80.08407924229866 314.4780272393459
438.8441911599106 115.6242043174992
40.24906815130641 295.41169813747723
356.6802929782062 190.1982762458843
123.1199291747614 337.19204886957186
493.4569336881274 108.47734155002175
85.59902148985648 113.18177673929031
272.11128307518976 20.83740825353575
391.7351280627618 379.3947209080491
52.24373348784517 220.60031698339938
170.36771288343894 402.11700805239775
486.64182809814656 325.9140593617299
422.52628734388145 36.58636144113675
67.40701707049296 91.67431489218208
329.56005812522335 21.44561029299591
66.16947325922118 333.49978623137537
426.36181705708145 59.30374583323661
263.14163191528075 50.387933740115244
201.12915161459122 215.6201897213914
498.9877229808901 165.7321319765449
350.16388546818837 215.83707870039882
6.371100477239544 298.1799344862811
196.40139306035343 5.249507237072848
67.13272861034453 224.82297284773222
251.42113408599727 234.81627181406418
12.85179459091912 404.3271839502205
15.526089334041925 264.2183547399342
409.62234490693857 226.63508972121727
275.0747658833529 76.47594712790968
432.73991837639835 225.72978904653385
355.2495631832576 98.68061613296614
136.1988460896878 399.1573568004524
114.68758431303644 368.41235621848097
162.21873818562315 153.74759643923053
119.73739549215368 214.11281155749094
409.53309441559804 265.1718631588654
84.07812606676146 114.58413408929086
319.5176567185191 417.65871610980287
337.66486362376173 352.982994446643
414.12558938391834 449.9465547049006
268.7128963598095 67.23540078810875
249.4634084801618 309.817753482188
290.02041127534056 123.24734173156732
147.7965404410389 313.3627519991719
112.24611076127228 473.90060413456587
476.5027547332669 477.36593727193724
240.58179492042802 435.7283488063824
169.36409363808008 116.54531004954355
186.08776935261488 64.96852878428977
197.70631398302424 77.19681424205255
318.426069265158 50.007380684147066
421.0167982630577 133.79007953208315
297.34269278408186 12.490554521707441
302.69786170554806 92.53057211185534
157.920189394361 180.57119248213522
371.32608692999 326.0319994417827
313.39775257495756 434.4919797088202
67.58004113308846 46.25167525442703
128.55226755412892 13.220893333169503
69.76871193718071 448.23878374481103
267.38270546987707 370.25664145076644
354.4247814793125 378.14113003906414
455.41989865435085 21.342476154933397
166.0993645159643 258.2361961287162
65.5530359493996 379.680416400089
338.3713447224264 144.1597170480084
18.82097971120572 343.9578048270182
248.75306916539645 472.6687486791501
90.41817562301785 136.4638203547731
253.3693563287819 24.794125836187675
42.27709076879099 234.85316192774164
169.694414087052 395.11318734002106
140.26292243208016 326.6514474790248
82.23487224772668 118.4560332106046
436.43895553566495 88.75484736985811
154.77706522386148 34.589245584956906
355.03181391225945 457.9525424251901
24.962047871979863 48.711174651218656
142.60094306883053 181.80602674734493
56.53126615775644 172.43188048661912
8.980844105390185 364.37648244106583
222.1848645848244 349.23730499391877
342.6345406109472 247.97896925789505
231.86972388029747 107.78030349872742
477.55375440496937 282.58684303632884
26.086573210260035 246.80001387345436
110.0297001239971 101.2100824387519
287.37785794590576 355.18762710641323
456.48216811287375 365.35234027030924
106.9798117021905 174.04288316988337
89.1033802839034 401.6726602439567
324.14481041583895 29.135971844472476
152.9071976264316 266.24257061633205
204.22379690068826 202.72335607602332
411.12349614020735 423.3365309620631
405.60010493170546 91.45253869156322
350.02827095573696 183.303912804189
36.091912184345155 202.98231947637802
39.394032087492924 12.167879684482742
373.310388639689 35.31333283510041
356.53341328520486 311.64530207502855
351.28808699110476 171.7860044784801
301.3852121724027 104.13372325292059
124.65476738545078 78.19809257061678
100.51169774200797 34.85385873445074
394.3997736710456 340.9987945236714
289.56815018407065 213.49048823879608
200.273734119696 348.6004701072019
8.638414358836721 477.9723164077375
233.11753990170692 493.4683290792426
497.7144154724015 201.11697905289887
130.83500025297312 32.519650873970186
200.96612350614944 104.80920048901154
85.34332484500756 75.65743676405262
230.63930255854598 278.89361227367726
226.34609294728463 175.80475300292753
465.28869744459877 137.6246327775083
96.94735245746749 414.6583385814591
68.61912944308001 445.38039026416
323.0130787706222 279.41080688381584
383.328743690522 84.21250371022876
74.1078121929662 165.43965084197492
363.30547162935244 271.1379274196618
94.49239884338162 334.9172474184375
471.0887311405306 431.24728805550416
264.0235652869001 453.66886803079245
488.8466268496493 150.8875375504931
32.57204290544241 447.54245921860525
387.5189829693839 247.03575661232946
300.0291363624778 62.00916445369181
322.9481228283381 491.8984129615795
340.53098410387344 235.66361349532977
181.66379909786025 279.6836748143727
350.73831687052626 219.28416866038896
292.9686139151647 155.0367810299942
244.43195064060586 429.8190443220714
52.5567502880821 406.9583674295086
445.05620419143514 371.59682029528693
256.9662321777575 138.52448040283943
202.73248922614323 411.26628235270766
95.70774833157498 226.3038258157336
425.0083761051928 395.59553106707256
370.49970303798204 398.9327082127216
238.63648444731467 11.60314512318128
245.30410793484901 219.81481201507748
384.06620831787575 341.52244162029615
96.06070242063302 197.54384136772202
483.8243584379118 71.33520146417777
327.3753484255773 331.21279142279155
231.88108887465847 168.47992955164798
282.72692074169515 84.37551812431037
376.5290168131985 347.9108960814114
124.18204348298035 363.7974965227475
188.8805151996022 31.877753593262003
69.29896272238878 121.89450088574245
63.299050698860604 498.73839585254126
437.90780048519923 231.17977113344168
489.81585746322895 437.11184819936364
175.94446049466794 395.6792624370114
39.929496001929635 302.7423432691535
488.88053552051576 246.6969345388902
281.40363911107323 472.1996320716413
199.37757881955088 329.8680980462235
149.93460795030006 388.70509533859894
311.34407754690216 277.94322451975955
246.77373590246205 86.3137840576596
474.9327135468165 362.64175927941955
36.462593699177816 115.25787720012882
327.15893904862054 118.2553988183338
133.44986805846676 402.31601848093055
180.37936245112573 4.9648945290951545
158.07255244990654 181.3182449369954
113.82711867029433 451.0764580286582
124.23147358058762 227.5214017052734
315.0647331064847 92.04752034978897
112.79402916843007 456.6065286863138
383.0865699247109 255.7427552273541
357.8222734153262 380.91184994265274
255.9606059263807 178.00490383856544
299.93185831704574 429.82201834699725
54.833852964617904 342.96192847019745
81.69717078106153 246.23955613341846
52.82533962754199 79.12289055999577
302.91746504150814 347.62125145879736
173.4792199281368 428.2497578959455
233.19871841540018 16.904217892494856
2.8374194344800707 157.96551984045914
105.3995062527861 79.29797806793054
204.228270414691 169.04810610267933
103.57243548831657 78.9713937543684
165.9625503582411 413.5326041103959
373.1722646117385 77.1668315715296
437.70243308444265 146.6810066324381
335.5719912146903 404.48378015644647
168.06960933449588 494.2138495378185
164.76548228814352 79.34108085611946
225.84804147621313 58.98539500345124
179.94665561902852 119.33861424051729
145.14082452734613 50.32415590960709
83.26205569342105 105.22984393956824
175.41833285412005 218.63084332778976
54.86322383970904 79.89144023605927
41.86667577750097 50.53531401431138
102.19902722156581 159.06417845472265
316.2030757719206 125.98223530468894
366.5258019390382 412.509249503041
387.49754338174625 280.4586832120114
101.59876337633273 82.81130890563931
49.92812576880318 54.56923386699886
339.86763435547783 46.47960901158738
77.53554307261801 280.74796734961564
307.4293447777596 126.25483173599311
394.7527901296806 22.713242896211906
76.04290914285322 496.9027146912524
234.9269638112152 189.05196870948703
22.607891114114597 35.35093727125804
210.41383444429985 279.46952778272055
434.230528965535 344.01678841086647
364.9223538918463 215.54370120590372
405.5474880534689 204.7001513803264
281.6273285230947 204.5366247931291
474.8690387747031 321.5865455531349
125.55500280870207 120.91227658221715
93.88010570470173 133.023153488537
266.7959112912111 241.61115451855687
179.0696320642454 136.9693542361134
38.94447926028566 37.45625975248401
149.70490397404524 167.2945430895056
168.01000043021924 122.70709133475111
395.10064603076063 471.06593472846686
243.5911799705479 128.8752092076459
320.7785164130866 413.55915466528575
437.6204398929919 141.9049369639468
443.4346476085322 255.90030925368035
53.33092041599347 274.9791875678612
96.62749251750013 140.9542241508458
311.42872341996735 253.0647658695094
212.65390004241024 425.2141616805142
150.61619118742286 206.91139712913252
264.6954132421343 499.02069454456785
39.192378906116154 157.845856329944
306.52177354469836 254.20591954304666
146.320016420443 428.53072738043727
472.3143497075968 195.9814755110029
50.155247397758615 102.32637334957789
467.9095214088585 401.1984411246326
338.8124989582533 443.8925823148672
53.511174584588375 233.1758119607323
459.2937320527554 472.1407094681352
250.8319759781179 183.57880428998186
399.88005609157767 236.23090443331884
111.57100412345467 335.4336526339748
20.66175763394312 212.21030595009788
250.7366486846795 42.59484765043092
263.16264118251945 75.23621570136434
289.69389907686605 60.78619152576664
135.04730645778253 270.9352309031094
365.02668908796426 197.47688099574256
364.7256090937423 317.5606706017858
381.8525192627273 102.2466715730524
264.301070939993 245.26318648322837
87.48660484055637 383.34778702711503
456.81551350131383 358.96128233110323
334.8796426452425 233.87600644825957
450.68542332428774 82.79543341166124
499.4004237963588 320.0919006471665
225.8344187403322 353.7667828800894
185.39273669257173 109.3392978969927
263.8580419928492 302.64320449015935
191.5051533130838 330.92083538892444
107.51675456207427 232.219755367242
52.126940514824085 93.25675321149102
397.82584768072115 121.6468161685787
99.38569930416557 390.3035685654615
108.51781333678817 199.30052307674424
393.16885880114035 40.03361210763823
421.30411386003846 401.8729950066798
257.6673959139031 178.98552147632358
188.71031713319485 54.10852477240974
248.04851794652527 466.50073744982757
242.79261456243938 18.549039531769786
298.9804656442396 228.2859625754064
479.7262750176101 281.76838436245407
335.1787616074073 193.96755267890063
115.98256279407393 299.1732225130292
287.42936085966966 182.51274125744206
444.09835512253846 28.692738248653036
0.40316751834262865 172.46578787338723
483.88671481797064 302.234232117459
25.248908160189544 80.87108443288926
243.86075999325087 149.10693405340302
213.04836117978493 471.33641430196576
486.2403597562374 292.17291459954566
288.51908047971807 356.33663087599865
336.11567174067085 6.666793939769045
355.9585974936235 374.0698646931377
36.730612721471765 111.54966661158188
464.62632854286045 200.64509769090273
285.7256120148352 160.8876899528887
88.9345050167885 226.30427721963358
20.55316879182717 250.95315024630017
454.2865287078308 97.25147895281117
358.1402856612475 319.1555793384776
426.69498861929793 417.734051894786
39.0207247917746 491.8918967248171
264.13701920191886 382.3496614275954
415.92118357412267 116.50659225441906
388.02274517627535 439.38506656448806
206.09704494246168 249.71448753982173
298.2876659901482 221.29612613870597
288.5599309163854 431.20612956514765
271.6320380683919 211.59573823284666
108.73253752590666 494.31205118529687
58.12934495524519 382.1938863746195
237.53116984252375 305.7596227491946
237.68417040897106 119.75070515588848
351.97391785032676 9.125769500256453
46.74973029897228 248.84293852673696
301.7710223840072 50.595380819469014
493.24358110280104 466.29088591820255
492.18415272491075 277.71041684398824
452.1655088734279 346.4781907645201
109.99999851628428 155.6875209013041
483.8048410267979 182.44684452731585
180.34935740986273 473.963905223388
201.639469900267 489.0940527185828
251.6558135569543 98.77191762603304
194.67297272859824 202.27690611947614
99.46378077310186 256.154094588806
204.44697482920128 20.763825735481856
300.29538718109796 226.94255766345916
487.71171921284366 49.32607034022835
340.4317888160821 430.2939632116714
135.89011035158111 454.5696362250916
26.75311408535086 352.45179943259484
358.0387277319129 174.23004839202656
369.3286705119013 485.2071330408699
169.63887420750618 188.59356682657025
394.2639660263563 213.19970916880027
423.20509232162266 204.85097795417784
71.70185409523872 191.79569808940806
279.88929770085423 327.6354825953417
166.66941473462504 385.4773400284325
387.0036554609928 384.4547878173191
103.05066137374536 321.7076440702142
114.75924704348195 391.4039397504953
28.762921149679766 443.17457864079785
47.287005369284095 385.012354797534
233.97914465218395 441.4377533265751
315.7981120084848 458.5882703142905
151.2952017273937 128.12947657039996
443.78596108512085 309.00447393719344
410.62171394335667 458.7964761162968
424.72634007919385 63.45696124019812
421.2459026754219 405.4286968325938
346.56354018786726 145.48215667417557
77.9881031990634 284.53823426850533
222.97650303555204 465.95335208853146
200.0368524192411 111.73141300599615
276.75089249754876 292.27591261103106
412.2454842047711 83.15463482788799
5.329219337467661 193.21300480896957
436.0489737022331 217.99348343845892
393.51941335808664 307.54738227724437
5.4684311519649365 197.78465064081792
55.43166321143167 39.90807157826026
411.51635291065304 151.62782439451877
64.88854429844903 223.89630423701095
292.5596005920084 405.4277936927505
248.98000110801638 383.63072735263745
67.18291376154673 497.9700815679951
95.81587208483839 141.53781467326442
447.0582610559117 405.0664968246361
33.888412482506624 148.5992988523367
110.01959323572153 308.8517881874749
396.4489197728611 51.21301588631494
91.43768094793458 100.47692972013151
88.25114805203094 42.26789528022401
296.49226545666465 178.46985381334102
356.3248337565661 440.59752100226126
317.4919700151783 210.7520389517839
458.58244849457714 301.28065914257525
162.32707997753081 83.90164422377211
473.544965831754 324.9865095500507
170.88798676087254 414.74298922513333
44.84038138934277 271.06411159754083
406.14730545954075 256.63101010540123
496.37188813245547 157.3528638658126
309.674708631903 387.12130831832366
249.12423573580617 358.04637289287126
302.00681691378367 222.94774527431872
224.81799681570507 339.60598008843925
383.9740999619789 222.77561377504824
76.79757508500361 432.5033847462948
447.40015611685936 100.79698841465185
486.14030702421945 280.48932386652984
278.25279945390724 143.29665508351565
489.5129853554762 396.20286012531045
496.5577700990428 475.4234888540262
414.95692052987766 351.0038340702703
418.6259760132027 72.28497839614384
99.2998027069255 250.05176135412233
332.44699040508283 202.48746686793828
400.4030847192609 97.27397666442505
20.151600411680683 308.106135958694
379.217663206343 159.96477503246808
338.01146012130886 295.8561154624116
462.3693742706439 359.90050734014943
152.01414129876272 194.9360251676892
492.3180863709676 433.5096109274225
160.90314232164104 410.0239362841918
395.52471941991854 14.079468952926389
255.3487730609793 275.31543089217996
431.69615109920426 155.15079702096725
272.1190212039087 98.77903042189756
55.78283307491566 403.44774454063526
204.486713397106 313.5061856357646
307.6228548483882 191.61426383619522
97.89136161236178 326.5281557993127
410.1041472222899 494.97617053387864
274.056001778676 198.9275864762264
122.55544755295072 389.99547452566173
169.87210457651446 471.550323875904
63.76996883670372 166.05767661778893
20.143931034538653 331.8310724742883
123.15338666082448 298.21516091285133
26.31433719921783 331.9700801717192
290.64549660866976 241.95849480474791
458.74940448809525 208.1044208595364
301.14632029632907 44.47224258819338
431.2410931401788 107.82563362622189
485.1197318498477 257.22128479698927
313.0584969085189 112.74194372810086
280.655772152513 32.16308390560396
311.4749606486963 155.08864086207137
443.55267047229427 177.56863255722016
38.68933727264145 5.073264311921788
52.20896658673257 83.57681926666122
499.6623418488035 105.69254380562838
371.08282830181906 9.991233283190182
63.750518141125475 379.90248594464526
372.4139482217687 143.40502229622143
337.18079134842753 206.7074956800501
316.4314993403998 74.38950735756362
145.62741616948338 95.58725758754322
334.16088117369833 314.6164148674661
240.51828999760966 374.47006110117087
477.6029087323779 421.74763855883543
87.7172804944507 140.25877868972714
168.3701054962346 303.46656767153604
245.90586102631045 422.5588150287187
193.1294487555828 125.91134768221079
487.93945899835404 301.6332188530751
205.68845936639062 5.41323758404083
118.47830123080749 39.16544211074152
217.14608885183594 450.9713068439242
329.57226500722174 486.7137974521276
352.36618482475956 45.89452125426369
369.51642108125185 179.600424651933
496.51534634873786 63.65177693287405
373.3956812658463 83.79051767326811
449.04022623644727 84.89534515991198
417.460712933439 235.8546739083539
77.17079747105964 496.5884842686766
71.09075388554481 255.20341147598674
474.46116140764735 150.0718537139479
274.06484947256575 41.50000788190994
261.0483230376547 469.43697954217026
255.98568005348088 456.721174963869
260.05446718422525 191.2274082552467
217.25745079323949 1.7573278989044816
270.406241847163 134.7360290895498
216.56286951559545 496.5538079883391
166.977833764472 208.47531657807434
210.72710184053167 31.88392145691299
305.5647159249301 164.9714480911651
388.2943590402015 99.03159978896525
201.56663956952687 450.09935918243326
178.80490419394718 495.42347013497476
185.84328949422823 87.53203663476671
2.226173319026359 43.874537878777986
314.27317480881106 441.9630024688162
3.9702489396538088 167.8234643919534
314.99708407989135 14.384813506225779
1.8375990837940503 194.32324194312577
334.3212984256242 494.25584840794727
80.24546426643408 496.4654800333127
264.3434853393153 211.83029685765885
208.3513541825121 161.76913176056328
128.23400121240263 34.51856810552767
76.84823977421141 305.70855538215926
325.7312227659268 208.89834804989448
298.82162146472 56.52893622005117
300.944983556762 495.98791592818594
432.1149608791639 49.16252557583406
406.1462353630899 330.1405708558733
4.261754180765465 57.55141555889853
41.27683817899413 159.5599672927443
181.73703338247893 274.8417095741982
105.24103094185982 167.92561587831923
346.3056976392407 243.8775634322002
199.32364699211746 410.08101107849285
123.08206279304662 115.70491774709812
7.108139057267648 327.48479035730617
182.9995077800398 171.4658221047484
32.20491445488371 474.5733957216458
382.4933878046525 79.4433822051826
295.81856808667857 391.54612505549244
377.1004116012179 162.0896042989191
394.16250106085175 278.45832642041177
277.23734245299846 187.82051636699265
361.9089465702416 114.9063063317316
46.54743123648686 375.91168985233264
287.394572319872 43.138162069772555
165.62648643047828 135.36192266329235
84.16038941757859 483.6191499364976
286.93875286395075 90.08106324604226
170.70900697086716 160.89665594317586
24.268481812496912 67.56475586815696
3.8484143321574904 126.87676662838659
498.78474056827787 215.9408503410417
404.30557273560316 467.33147745215734
367.33247246213415 142.2266917045704
391.3249110105793 46.151877178420676
358.50298691247934 407.23214078287316
483.9271040462371 317.20256363400097
74.35059471563427 211.45988925612963
234.97396950964455 77.77087610489741
397.52166115124237 103.4246054031473
39.53859144870753 230.4435647960694
433.1519260297668 345.2057788038033
478.6186180776428 498.63148795473546
335.78657646295767 400.0929350341818
183.52901100141378 456.435959163835
342.6928536538124 393.4033151867455
27.993238999875437 339.1274906460848
177.81805064873984 37.41382016369177
373.9594429780906 228.12609266264832
306.1773925337128 192.7830273755653
349.5662690684535 303.1654060378128
213.7188867149608 269.9556283376199
164.65434237086225 366.42859003513473
408.4032710471672 394.01636209796834
282.7731671410055 191.23009255977053
110.88655260928398 2.310545737650438
295.5666050893303 335.3910604303098
224.89983555217862 259.70498163490765
29.12129334665431 484.54300445482454
36.50195593110633 142.3246553706662
16.896992603327774 334.20644134662354
54.822252075234616 473.69958517356645
216.485752624811 454.0320616120896
424.8591573162597 158.2518434023079
451.5495270331014 233.0131438480767
189.71381241914509 247.7849182741324
167.50239628018758 326.15311388295737
401.92410898549235 175.57427010630704
179.5167681826823 200.98006557253416
349.7031211151652 80.45718520065908
324.0379961086969 256.4614299424459
429.07390623546445 387.2324669931751
326.2505462095492 257.7583804877991
74.13019889687284 86.55162574019332
118.71081152553487 194.30373571494525
108.15170889677628 130.16052388031656
435.3210029928281 186.23427324377028
249.88265879519722 306.26271412048584
10.835795037109353 283.8152963659123
155.6829993580938 156.8177627997674
405.768266081841 353.4577945012282
213.9369757961392 486.48835192478236
56.35305714740396 292.8357858724147
40.44363198172884 481.68036042367913
255.06830072999387 76.76045009697991
221.28076424700916 25.7103127911526
197.01041239059376 443.223282404632
27.574450329247767 34.84443154053585
320.37585247360107 287.5278057062825
427.59990720754513 274.82966489364964
6.818412148161423 375.03022271298374
152.14324876271223 413.71925535170476
363.8977471220917 153.05247300139052
236.62959012609747 51.73262062843076
221.12934767699792 19.748213802052717
243.95569509126602 285.04985754934154
408.33151345980986 138.71137809504884
223.11613965393772 294.8911920904436
53.10646202134917 409.09287820825114
402.87007580084105 269.4572154072799
474.2484218302852 261.64917248511847
316.53522091085716 154.0085026349323
468.4253564128125 443.2096756591164
334.4952446837262 168.39736780369452
284.34320098202824 57.20822951178789
339.90581567811427 410.62597829209983
248.15148191669428 257.22749889397744
407.3189688488703 42.33610957030076
123.8761513782689 464.56346456126255
277.1210418247598 245.44655684348504
50.82320693665376 107.12127558968088
445.9144761303096 434.1013286806015
344.3777167221401 31.59800609592245
460.311756413131 90.88520236010066
303.3151567718863 393.7423697012981
167.63539468246213 408.23440589458505
159.14598914086847 261.43190282680274
143.9239644937188 458.10092476746814
180.73902786806389 367.08401561907465
87.84375223357237 375.47552015549724
351.8896086785466 123.50433379068076
93.2149728002063 66.87758511696352
469.5828256171817 340.1232342458114
108.66028539398414 327.8414844561192
416.3675234931259 151.8674698617798
91.09497537483851 383.89963717768643
115.33012340968773 443.78370880875474
237.35594576624408 104.79040601506185
117.16796777234717 183.02632341304914
112.06598018569652 210.29728050250085
415.7813265206498 108.6569069571689
370.1005650418838 140.6758553862921
334.77676419339156 338.142434554292
490.7443952692842 15.888411284954774
183.18346004105 479.62478894020865
233.0456652792489 55.28514279491681
152.73154854779176 127.22576166809164
401.4213264093508 323.4277243589623
110.56334917950633 225.26949698035259
8.41858832984277 89.5288067193436
35.4884589221866 226.1746726619256
279.01909352034863 233.78087520232248
104.44554675720092 16.543350099340493
95.6695148615504 136.78522140655113
300.7774012805157 0.507343077881528
36.078369699570956 289.3880135849072
208.57264548367831 242.16512543540526
94.64190998883754 44.17816969646443
87.00633706132605 469.5467684197905
177.0156823157909 422.17070455852564
287.52866973039943 194.36993909193444
53.798981481139485 413.6351603319391
275.02344187411074 440.3455883077164
494.0912376530584 184.78753469801407
73.68647500724012 412.6281931179851
484.7183812598652 276.33436911682503
467.00398136122504 484.97831776984225
463.4728034604641 226.2894740857388
413.58436400679875 128.65756653375098
69.36268232696646 285.2129391662152
126.31573451189377 213.22270544048948
236.6493293196336 58.57624934818401
420.1282081116391 309.53284360533854
473.66024949257996 334.02785698727075
377.63278144256935 219.4516050175542
343.4914924851713 428.4602468704993
374.3976534633206 90.70064658458354
255.32308928266045 469.18882646606465
401.3451887098541 133.68423012050428
222.8044663586054 240.54821659641368
182.12349417343 54.26818771073821
488.958378919515 95.71576478633065
259.72192696238835 422.1515256789062
43.764307368500624 78.75851033906306
384.8243584361109 319.1321150953605
45.606109839141205 170.69099918262003
289.4566304965447 451.41066500547214
394.9359519734683 442.741968833877
140.0041557933579 63.7179427375773
472.9518483988263 213.49074323942597
25.323767125850548 394.2238614271845
498.1694019898529 342.3250667775429
13.922634293581538 81.03224791195707
416.903380736895 235.25114376333266
224.7428684726076 281.1238367030415
427.35274763818006 0.003730191498130253
419.1330382135269 488.7844830440294
459.02147072209533 479.45730349230985
297.6532063008261 225.51276974945088
107.44002266617304 32.26714702091754
134.17212645443738 12.481884992184945
155.07763260652368 363.8816740364832
413.4862835447229 116.2243996618323
231.17637852583184 181.55562468827748
230.18802447207403 356.4891187544104
166.11531991331267 306.38190799624414
260.78313398669076 11.808977775098262
77.87760086734107 369.45979463621546
363.2656021744596 236.57463372037734
105.97055284819551 148.1803882279802
107.7732239453535 369.03292294633786
404.5816460649899 471.4225469528768
406.30517088999915 120.27236899298343
437.2636112088628 105.29128499111273
99.94903086810525 278.3886631650707
